x,y,z,mx,my,mz
0,23,0,0.812518,-0.497687,-0.303515
0,23,1,0.675217,-0.717489,-0.171146
0,23,2,0.727062,-0.664338,-0.173309
0,23,3,0.758046,-0.646344,-0.087213
0,23,4,0.871064,-0.465375,-0.15708
0,23,5,0.635588,-0.673369,-0.377627
0,23,6,0.513454,-0.856093,-0.058905
0,23,7,0.745927,-0.648263,-0.152803
0,23,8,0.787193,-0.599616,0.144181
0,23,9,0.846693,-0.48541,-0.217918
0,23,10,0.739664,-0.665695,-0.098729
0,23,11,0.845977,-0.533184,-0.006136
0,23,12,0.879971,-0.473419,-0.039063
0,23,13,0.690719,-0.676109,-0.256483
0,23,14,0.499112,-0.863039,-0.077788
0,23,15,0.701452,-0.670811,-0.240786
0,23,16,0.518021,-0.840909,-0.15661
0,23,17,0.745092,-0.517458,-0.420803
0,23,18,0.669568,-0.682902,-0.292103
0,23,19,0.775348,-0.563861,-0.284423
0,23,20,0.593925,-0.634585,-0.494525
0,23,21,0.768188,-0.375888,-0.518262
0,23,22,0.678164,-0.594699,-0.431771
0,23,23,0.905643,-0.186549,-0.380803
0,23,24,0.718091,-0.376016,-0.585626
0,23,25,0.874878,-0.129916,-0.466594
0,23,26,0.795059,-0.316286,-0.517537
0,23,27,0.772464,-0.400461,-0.49288
0,23,28,0.721986,-0.272728,-0.635889
0,23,29,0.81821,-0.05718,-0.572069
0,23,30,0.603394,-0.198422,-0.772363
0,23,31,0.548752,-0.068015,-0.833214
0,23,32,0.697225,-0.468771,-0.542338
0,23,33,0.338595,-0.531616,-0.776362
0,23,34,0.378243,-0.150958,-0.913315
0,23,35,0.577807,-0.29794,-0.759849
0,23,36,0.555046,-0.158199,-0.816638
0,23,37,0.858865,-0.177145,-0.480594
0,23,38,0.840993,-0.180875,-0.509917
0,23,39,0.741861,-0.500848,-0.445862
0,23,40,0.639506,-0.761923,-0.102498
0,23,41,0.848042,-0.516802,-0.117222
0,23,42,0.529181,-0.757976,-0.381364
0,23,43,0.981208,-0.115725,-0.154395
0,23,44,0.874957,-0.484059,-0.011693
0,23,45,0.780661,-0.545305,-0.305305
0,23,46,0.69634,-0.540398,-0.472314
0,23,47,0.376542,-0.734962,-0.563956
0,23,48,0.643531,-0.348982,-0.681234
0,23,49,0.778688,-0.451578,-0.435572
0,23,50,0.586071,0.021975,-0.809962
0,24,0,0.878584,-0.380779,-0.288268
0,24,1,0.773975,-0.6328,-0.022973
0,24,2,0.676421,-0.627757,-0.385195
0,24,3,0.595123,-0.791961,-0.136476
0,24,4,0.71754,-0.654114,-0.239316
0,24,5,0.739282,-0.517005,-0.431472
0,24,6,0.702516,-0.675511,-0.223956
0,24,7,0.887913,-0.400282,0.226681
0,24,8,0.663514,-0.72994,-0.164122
0,24,9,0.670464,-0.738537,-0.070997
0,24,10,0.78485,-0.61883,-0.032557
0,24,11,0.794442,-0.550307,-0.256952
0,24,12,0.785829,-0.616291,0.051553
0,24,13,0.824445,-0.559177,-0.08724
0,24,14,0.877878,-0.474506,-0.064607
0,24,15,0.774908,-0.631785,-0.019133
0,24,16,0.655,-0.744062,-0.131709
0,24,17,0.794725,-0.565301,-0.221014
0,24,18,0.765324,-0.600495,-0.231699
0,24,19,0.875699,-0.473924,-0.092453
0,24,20,0.540811,-0.715364,-0.442467
0,24,21,0.757945,-0.602968,-0.248894
0,24,22,0.654957,-0.559115,-0.508351
0,24,23,0.838947,-0.461081,-0.28909
0,24,24,0.84481,-0.285849,-0.452313
0,24,25,0.831182,-0.147287,-0.536138
0,24,26,0.801283,-0.492422,-0.339803
0,24,27,0.833345,-0.250282,-0.492845
0,24,28,0.891095,-0.402219,-0.210166
0,24,29,0.833179,-0.473744,-0.285271
0,24,30,0.811282,-0.382705,-0.441993
0,24,31,0.794675,-0.081377,-0.601556
0,24,32,0.821162,-0.430671,-0.374454
0,24,33,0.720046,-0.460164,-0.519406
0,24,34,0.598987,-0.509318,-0.617908
0,24,35,0.801308,-0.291454,-0.522457
0,24,36,0.8881,-0.120899,-0.443466
0,24,37,0.776153,-0.286484,-0.561706
0,24,38,0.761186,-0.186685,-0.621083
0,24,39,0.865572,-0.166948,-0.472136
0,24,40,0.736398,-0.40714,-0.540329
0,24,41,0.668415,-0.674622,-0.313219
0,24,42,0.670142,-0.410357,-0.61848
0,24,43,0.895431,0.038594,-0.443524
0,24,44,0.870688,-0.471345,-0.140487
0,24,45,0.639292,-0.606718,-0.47244
0,24,46,0.549398,-0.497172,-0.671552
0,24,47,0.398775,-0.539928,-0.741253
0,24,48,0.602367,-0.273496,-0.749902
0,24,49,0.380179,-0.393231,-0.837158
0,24,50,0.442975,-0.252806,-0.860152
0,25,0,0.840202,-0.484385,-0.243787
0,25,1,0.829059,-0.538591,-0.150269
0,25,2,0.628925,-0.624565,-0.463003
0,25,3,0.483554,-0.852025,-0.200572
0,25,4,0.788655,-0.567148,-0.237417
0,25,5,0.73887,-0.589023,-0.327296
0,25,6,0.88364,-0.323879,-0.338057
0,25,7,0.866231,-0.415425,-0.277606
0,25,8,0.809268,-0.576022,-0.115251
0,25,9,0.921396,-0.297813,-0.249672
0,25,10,0.922478,-0.373895,-0.096113
0,25,11,0.767781,-0.632563,-0.101868
0,25,12,0.761708,-0.631642,-0.144323
0,25,13,0.745682,-0.663228,-0.063938
0,25,14,0.8127,-0.571085,-0.115671
0,25,15,0.633126,-0.694876,-0.341027
0,25,16,0.677006,-0.661,-0.323638
0,25,17,0.615937,-0.746635,-0.251312
0,25,18,0.594582,-0.736525,-0.322495
0,25,19,0.769709,-0.394871,-0.501622
0,25,20,0.704255,-0.555118,-0.44257
0,25,21,0.82655,-0.443928,-0.34604
0,25,22,0.743625,-0.396674,-0.538211
0,25,23,0.821283,-0.415418,-0.391052
0,25,24,0.828077,-0.420175,-0.371136
0,25,25,0.832457,-0.381969,-0.401392
0,25,26,0.881976,-0.33365,-0.332859
0,25,27,0.866228,-0.326623,-0.378109
0,25,28,0.911617,-0.218425,-0.348201
0,25,29,0.929158,-0.181168,-0.322249
0,25,30,0.917821,-0.033089,-0.395612
0,25,31,0.949603,-0.240065,-0.201553
0,25,32,0.925398,-0.238971,-0.294162
0,25,33,0.736957,-0.314509,-0.598313
0,25,34,0.764454,-0.44927,-0.46235
0,25,35,0.863223,-0.370942,-0.342415
0,25,36,0.880901,-0.321762,-0.347107
0,25,37,0.769948,-0.304018,-0.561029
0,25,38,0.886356,-0.385738,-0.256082
0,25,39,0.787253,-0.421605,-0.44998
0,25,40,0.56385,-0.203801,-0.800336
0,25,41,0.804428,-0.411013,-0.42891
0,25,42,0.914046,-0.23492,-0.330655
0,25,43,0.922136,-0.199992,-0.331161
0,25,44,0.739556,-0.24694,-0.62616
0,25,45,0.458986,-0.507943,-0.728921
0,25,46,0.542932,-0.297534,-0.785302
0,25,47,0.40523,-0.617305,-0.674331
0,25,48,0.342729,-0.43358,-0.833394
0,25,49,0.62217,-0.379329,-0.684846
0,25,50,0.610495,-0.463267,-0.642401
0,26,0,0.669138,-0.696224,-0.259859
0,26,1,0.635833,-0.745097,-0.201362
0,26,2,0.49167,-0.828811,-0.267083
0,26,3,0.38799,-0.836516,-0.386918
0,26,4,0.588147,-0.725162,-0.358082
0,26,5,0.649952,-0.723719,-0.231931
0,26,6,0.732411,-0.680025,-0.033767
0,26,7,0.76451,-0.529226,-0.368027
0,26,8,0.890388,-0.454389,-0.027207
0,26,9,0.803809,-0.415882,-0.425362
0,26,10,0.935514,-0.307008,-0.174811
0,26,11,0.857869,-0.484446,0.171387
0,26,12,0.825623,-0.519393,-0.220403
0,26,13,0.708806,-0.533359,-0.461652
0,26,14,0.868815,-0.406593,-0.282565
0,26,15,0.627523,-0.738932,-0.245345
0,26,16,0.789394,-0.526738,-0.315286
0,26,17,0.667524,-0.626522,-0.402346
0,26,18,0.711954,-0.460976,-0.529738
0,26,19,0.78949,-0.36053,-0.496713
0,26,20,0.964145,-0.246702,-0.097788
0,26,21,0.942847,-0.227345,-0.243627
0,26,22,0.986241,-0.165313,0.000798
0,26,23,0.918496,-0.162761,-0.36038
0,26,24,0.883424,-0.318129,-0.34403
0,26,25,0.76659,-0.35411,-0.535673
0,26,26,0.914144,-0.294817,-0.278252
0,26,27,0.958476,-0.285107,-0.006151
0,26,28,0.886878,-0.384341,-0.256378
0,26,29,0.900805,-0.312046,-0.301955
0,26,30,0.913159,-0.232349,-0.334894
0,26,31,0.8269,-0.42441,-0.368935
0,26,32,0.826583,-0.395504,-0.400422
0,26,33,0.810865,-0.3505,-0.468666
0,26,34,0.849681,-0.487761,-0.200328
0,26,35,0.825566,-0.478205,-0.299601
0,26,36,0.648338,-0.669007,-0.363438
0,26,37,0.717907,-0.584173,-0.378618
0,26,38,0.774592,-0.541708,-0.326436
0,26,39,0.762873,-0.540384,-0.35498
0,26,40,0.737839,-0.600956,-0.307321
0,26,41,0.636143,-0.483042,-0.601658
0,26,42,0.753533,-0.286669,-0.591616
0,26,43,0.770641,-0.300533,-0.561954
0,26,44,0.558036,-0.355553,-0.749785
0,26,45,0.535183,-0.484848,-0.691738
0,26,46,0.524448,-0.479024,-0.70391
0,26,47,0.578335,-0.584897,-0.568704
0,26,48,0.549946,-0.569377,-0.61104
0,26,49,0.611594,-0.537513,-0.580544
0,26,50,0.641305,-0.473157,-0.604028
0,27,0,0.687578,-0.581269,-0.435157
0,27,1,0.686708,-0.704681,-0.178486
0,27,2,0.790195,-0.379685,-0.481073
0,27,3,0.567248,-0.661059,-0.491153
0,27,4,0.467322,-0.65463,-0.594196
0,27,5,0.668979,-0.47339,-0.573035
0,27,6,0.778578,-0.61898,-0.10334
0,27,7,0.828309,-0.522993,-0.200953
0,27,8,0.906016,-0.381123,-0.184066
0,27,9,0.93798,-0.340229,-0.066612
0,27,10,0.891347,-0.452921,-0.019038
0,27,11,0.949753,-0.312842,-0.009953
0,27,12,0.863371,-0.468241,-0.187992
0,27,13,0.889288,-0.375053,-0.26173
0,27,14,0.925346,-0.364538,-0.104145
0,27,15,0.793749,-0.553994,-0.251104
0,27,16,0.828677,-0.518011,-0.212036
0,27,17,0.706588,-0.588205,-0.393379
0,27,18,0.922827,-0.330585,-0.197744
0,27,19,0.96575,-0.225949,-0.127573
0,27,20,0.857623,-0.360625,-0.366649
0,27,21,0.895263,-0.430114,0.116216
0,27,22,0.856632,-0.515894,-0.005909
0,27,23,0.929079,-0.32199,-0.182029
0,27,24,0.8604,-0.322141,-0.394888
0,27,25,0.96917,0.076891,-0.234088
0,27,26,0.958136,-0.146076,-0.246248
0,27,27,0.901157,-0.109632,-0.4194
0,27,28,0.761677,-0.386835,-0.519814
0,27,29,0.910646,-0.204097,-0.35926
0,27,30,0.816948,-0.394466,-0.420704
0,27,31,0.624101,-0.343132,-0.701968
0,27,32,0.793408,-0.16323,-0.586395
0,27,33,0.798183,-0.382823,-0.465135
0,27,34,0.879152,-0.180859,-0.440888
0,27,35,0.892124,-0.188781,-0.410458
0,27,36,0.723212,-0.314192,-0.615019
0,27,37,0.706083,-0.399268,-0.584835
0,27,38,0.473337,-0.432049,-0.767649
0,27,39,0.72551,-0.387586,-0.568694
0,27,40,0.738484,-0.384935,-0.553594
0,27,41,0.710761,-0.395414,-0.581779
0,27,42,0.561128,-0.498653,-0.660667
0,27,43,0.537276,-0.595915,-0.596842
0,27,44,0.738431,-0.574937,-0.352374
0,27,45,0.613528,-0.534927,-0.580893
0,27,46,0.488338,-0.476262,-0.731232
0,27,47,0.503063,-0.553693,-0.66359
0,27,48,0.608257,-0.420598,-0.673143
0,27,49,0.559556,-0.23458,-0.794902
0,27,50,0.807607,-0.37075,-0.458601
1,23,0,0.922439,-0.378121,-0.078303
1,23,1,0.816358,-0.576937,-0.026515
1,23,2,0.683507,-0.616647,-0.390595
1,23,3,0.64732,-0.760151,-0.056095
1,23,4,0.726119,-0.618241,-0.300881
1,23,5,0.656723,-0.691295,-0.301372
1,23,6,0.747491,-0.662225,-0.052106
1,23,7,0.709363,-0.704176,-0.030669
1,23,8,0.873385,-0.473352,-0.114619
1,23,9,0.801549,-0.474717,-0.363543
1,23,10,0.776875,-0.498636,-0.384483
1,23,11,0.732404,-0.595558,-0.329992
1,23,12,0.860507,-0.504187,-0.072959
1,23,13,0.815444,-0.575582,0.06128
1,23,14,0.712144,-0.698511,0.070236
1,23,15,0.80876,-0.587033,0.036065
1,23,16,0.819457,-0.567804,0.078028
1,23,17,0.686818,-0.71973,-0.101339
1,23,18,0.787503,-0.582926,-0.200092
1,23,19,0.733269,-0.602661,-0.314828
1,23,20,0.694673,-0.663447,-0.277969
1,23,21,0.73877,-0.350334,-0.575747
1,23,22,0.630227,-0.410972,-0.658722
1,23,23,0.730152,-0.26719,-0.628878
1,23,24,0.818738,-0.450078,-0.356507
1,23,25,0.835399,-0.315842,-0.449837
1,23,26,0.940915,-0.189855,-0.280419
1,23,27,0.918049,-0.159196,-0.3631
1,23,28,0.935187,-0.07948,-0.34512
1,23,29,0.922023,-0.024075,-0.386386
1,23,30,0.712813,-0.106837,-0.693169
1,23,31,0.897566,-0.065294,-0.436018
1,23,32,0.840105,-0.273908,-0.468186
1,23,33,0.783723,-0.365136,-0.502447
1,23,34,0.746658,-0.235259,-0.622219
1,23,35,0.816908,-0.281562,-0.503373
1,23,36,0.879005,-0.09878,-0.466468
1,23,37,0.970651,0.055876,-0.233911
1,23,38,0.947178,-0.201216,-0.249734
1,23,39,0.830473,-0.357391,-0.427301
1,23,40,0.904354,-0.423637,0.051734
1,23,41,0.884182,-0.298135,-0.359636
1,23,42,0.834517,-0.364049,-0.413583
1,23,43,0.979509,-0.070817,-0.188539
1,23,44,0.898578,-0.379936,-0.21956
1,23,45,0.830828,-0.442097,-0.338048
1,23,46,0.754495,-0.595957,-0.274904
1,23,47,0.541914,-0.514529,-0.664522
1,23,48,0.69272,-0.494214,-0.525253
1,23,49,0.713219,-0.51235,-0.478348
1,23,50,0.558224,-0.095401,-0.824187
1,24,0,0.804042,-0.564381,0.187055
1,24,1,0.719873,-0.691742,0.057236
1,24,2,0.661678,-0.743543,-0.096573
1,24,3,0.53095,-0.804422,-0.266454
1,24,4,0.629352,-0.772733,-0.082463
1,24,5,0.666434,-0.642727,-0.377847
1,24,6,0.503107,-0.819664,-0.273924
1,24,7,0.639516,-0.768764,-0.004581
1,24,8,0.823264,-0.547692,-0.149232
1,24,9,0.642941,-0.75188,-0.145956
1,24,10,0.68017,-0.696324,-0.229135
1,24,11,0.900878,-0.415345,-0.126124
1,24,12,0.65194,-0.725576,-0.22026
1,24,13,0.893545,-0.447336,0.038325
1,24,14,0.82328,-0.540309,-0.174002
1,24,15,0.714123,-0.698505,0.046037
1,24,16,0.628998,-0.7714,-0.096459
1,24,17,0.752684,-0.65837,0.00382
1,24,18,0.755801,-0.628449,-0.183895
1,24,19,0.689789,-0.70037,-0.183502
1,24,20,0.600346,-0.715143,-0.357988
1,24,21,0.758506,-0.572296,-0.311682
1,24,22,0.638126,-0.576929,-0.50985
1,24,23,0.745534,-0.572243,-0.341639
1,24,24,0.944208,-0.15381,-0.291227
1,24,25,0.822019,-0.118514,-0.556992
1,24,26,0.779584,-0.530608,-0.332723
1,24,27,0.781073,-0.363087,-0.508028
1,24,28,0.814303,-0.539746,-0.213508
1,24,29,0.726194,-0.413727,-0.549065
1,24,30,0.836327,-0.313273,-0.449908
1,24,31,0.833731,-0.393322,-0.387545
1,24,32,0.522462,-0.549899,-0.651648
1,24,33,0.75847,-0.364737,-0.540084
1,24,34,0.721595,-0.573112,-0.388386
1,24,35,0.847313,-0.302846,-0.436285
1,24,36,0.941617,-0.210168,-0.263033
1,24,37,0.969214,-0.137318,-0.204371
1,24,38,0.837617,-0.379543,-0.392866
1,24,39,0.767474,-0.406192,-0.495976
1,24,40,0.721537,-0.403151,-0.562898
1,24,41,0.836111,-0.450282,-0.313311
1,24,42,0.920279,-0.361386,-0.149954
1,24,43,0.930447,0.052009,-0.362715
1,24,44,0.964899,-0.158697,-0.209248
1,24,45,0.822661,-0.248988,-0.51111
1,24,46,0.746421,-0.437239,-0.501676
1,24,47,0.452769,-0.528755,-0.717927
1,24,48,0.42362,-0.425476,-0.799698
1,24,49,0.38205,-0.334032,-0.861661
1,24,50,0.578691,-0.08503,-0.811102
1,25,0,0.929972,-0.36755,-0.007725
1,25,1,0.659087,-0.662116,-0.35666
1,25,2,0.675529,-0.702162,-0.22501
1,25,3,0.383607,-0.872787,-0.301808
1,25,4,0.620647,-0.713102,-0.32601
1,25,5,0.539152,-0.66012,-0.523027
1,25,6,0.682465,-0.287173,-0.672141
1,25,7,0.885158,-0.397557,-0.241751
1,25,8,0.900156,-0.380639,-0.211738
1,25,9,0.961409,-0.097802,-0.257154
1,25,10,0.924267,-0.290856,-0.247251
1,25,11,0.839521,-0.519067,-0.160542
1,25,12,0.529364,-0.734211,-0.425097
1,25,13,0.767187,-0.619273,-0.167106
1,25,14,0.764894,-0.615221,0.190895
1,25,15,0.756937,-0.623456,-0.195831
1,25,16,0.530282,-0.834318,-0.150714
1,25,17,0.671947,-0.704663,-0.2279
1,25,18,0.606572,-0.778983,-0.158922
1,25,19,0.674127,-0.632358,-0.381674
1,25,20,0.860861,-0.370627,-0.348645
1,25,21,0.830381,-0.42459,-0.360819
1,25,22,0.824179,-0.241344,-0.512329
1,25,23,0.793622,-0.426268,-0.43412
1,25,24,0.892991,-0.295586,-0.339405
1,25,25,0.72611,-0.374924,-0.576364
1,25,26,0.760912,-0.468823,-0.448573
1,25,27,0.910237,-0.377364,-0.170487
1,25,28,0.872206,-0.455507,-0.178241
1,25,29,0.868525,-0.395349,-0.298936
1,25,30,0.771159,-0.210798,-0.600731
1,25,31,0.9019,-0.244219,-0.356277
1,25,32,0.810087,-0.458492,-0.365437
1,25,33,0.677179,-0.334838,-0.655219
1,25,34,0.76446,-0.31339,-0.563372
1,25,35,0.861275,-0.164819,-0.480666
1,25,36,0.740726,-0.427677,-0.518089
1,25,37,0.761117,-0.5557,-0.334511
1,25,38,0.806772,-0.402087,-0.432948
1,25,39,0.683655,-0.562265,-0.465268
1,25,40,0.744862,-0.260156,-0.61441
1,25,41,0.843826,-0.254649,-0.472347
1,25,42,0.851964,-0.198983,-0.484317
1,25,43,0.832749,-0.436218,-0.340945
1,25,44,0.915074,-0.230977,-0.330589
1,25,45,0.738619,-0.074011,-0.670048
1,25,46,0.577693,-0.345391,-0.739578
1,25,47,0.297971,-0.738679,-0.604621
1,25,48,0.411333,-0.589503,-0.695192
1,25,49,0.622387,-0.316912,-0.715682
1,25,50,0.404783,-0.423696,-0.810329
1,26,0,0.714077,-0.543105,-0.441736
1,26,1,0.662553,-0.67265,-0.329493
1,26,2,0.623403,-0.761423,-0.177775
1,26,3,0.736816,-0.665356,-0.120017
1,26,4,0.743507,-0.630312,-0.223392
1,26,5,0.774765,-0.606095,-0.179965
1,26,6,0.820891,-0.43211,-0.373389
1,26,7,0.759872,-0.609362,-0.226435
1,26,8,0.786606,-0.612907,-0.074812
1,26,9,0.851409,-0.440843,-0.284185
1,26,10,0.862421,-0.504644,0.039547
1,26,11,0.971457,-0.236496,-0.018475
1,26,12,0.746536,-0.634246,-0.201037
1,26,13,0.835268,-0.443049,-0.32563
1,26,14,0.816174,-0.547983,0.183234
1,26,15,0.76629,-0.641329,0.038684
1,26,16,0.598387,-0.797095,-0.081069
1,26,17,0.63047,-0.754858,-0.180824
1,26,18,0.525529,-0.801484,-0.285382
1,26,19,0.609887,-0.694911,-0.380967
1,26,20,0.811915,-0.379258,-0.443798
1,26,21,0.839569,-0.448127,-0.307094
1,26,22,0.855191,-0.39833,-0.331633
1,26,23,0.914466,-0.220835,-0.339093
1,26,24,0.904065,-0.167366,-0.393262
1,26,25,0.928099,-0.166928,-0.332816
1,26,26,0.788519,-0.515756,-0.335013
1,26,27,0.892846,-0.321781,-0.315092
1,26,28,0.777735,-0.490674,-0.392896
1,26,29,0.853152,-0.351718,-0.385261
1,26,30,0.840361,-0.293003,-0.456007
1,26,31,0.850894,0.157899,-0.501045
1,26,32,0.876648,-0.084132,-0.473719
1,26,33,0.842673,-0.249116,-0.47733
1,26,34,0.722367,-0.256529,-0.642168
1,26,35,0.897163,-0.183023,-0.401996
1,26,36,0.75144,-0.422907,-0.506446
1,26,37,0.935325,-0.245529,-0.254721
1,26,38,0.844553,-0.490241,-0.215392
1,26,39,0.657595,-0.724363,-0.207045
1,26,40,0.713906,-0.565532,-0.412931
1,26,41,0.738491,-0.382197,-0.555479
1,26,42,0.850687,-0.334468,-0.40554
1,26,43,0.694236,-0.44762,-0.563625
1,26,44,0.641645,-0.503164,-0.578893
1,26,45,0.48243,-0.5981,-0.639952
1,26,46,0.536373,-0.543383,-0.645785
1,26,47,0.436201,-0.724747,-0.533357
1,26,48,0.37549,-0.519243,-0.76772
1,26,49,0.399264,-0.207542,-0.893037
1,26,50,0.52034,-0.386819,-0.761326
1,27,0,0.548903,-0.576378,-0.605387
1,27,1,0.496604,-0.713025,-0.494955
1,27,2,0.541028,-0.725947,-0.424605
1,27,3,0.558951,-0.655499,-0.507833
1,27,4,0.544396,-0.655068,-0.523946
1,27,5,0.771282,-0.521234,-0.365293
1,27,6,0.781634,-0.484124,-0.393284
1,27,7,0.871937,-0.312728,-0.376732
1,27,8,0.928724,-0.35048,-0.120975
1,27,9,0.866513,-0.472381,0.161282
1,27,10,0.923061,-0.38463,-0.004288
1,27,11,0.972241,-0.15652,-0.173922
1,27,12,0.926322,-0.371512,-0.062504
1,27,13,0.861964,-0.418656,-0.285911
1,27,14,0.939993,-0.285769,0.186412
1,27,15,0.837113,-0.533373,0.12147
1,27,16,0.593127,-0.792294,0.143075
1,27,17,0.363841,-0.927983,-0.08042
1,27,18,0.853505,-0.507466,-0.11835
1,27,19,0.738521,-0.401734,-0.541477
1,27,20,0.791712,-0.445564,-0.417929
1,27,21,0.915783,-0.396423,-0.064734
1,27,22,0.845682,-0.497537,-0.193076
1,27,23,0.900688,-0.269557,-0.340736
1,27,24,0.947637,-0.123997,-0.294292
1,27,25,0.988208,-0.064941,-0.138662
1,27,26,0.872778,-0.391277,-0.291824
1,27,27,0.757626,-0.467691,-0.455266
1,27,28,0.905922,-0.202402,-0.371939
1,27,29,0.851836,-0.226178,-0.472461
1,27,30,0.87227,-0.252554,-0.418762
1,27,31,0.845695,-0.29686,-0.443479
1,27,32,0.728829,-0.308923,-0.611044
1,27,33,0.795362,-0.369084,-0.480807
1,27,34,0.877156,-0.241508,-0.415057
1,27,35,0.888445,-0.316904,-0.332021
1,27,36,0.811495,-0.230937,-0.53679
1,27,37,0.832741,-0.00366,-0.55365
1,27,38,0.647832,-0.373863,-0.663732
1,27,39,0.662623,-0.558442,-0.499073
1,27,40,0.78596,-0.587913,-0.191378
1,27,41,0.732241,-0.577375,-0.361195
1,27,42,0.614784,-0.560852,-0.554514
1,27,43,0.482794,-0.583737,-0.65281
1,27,44,0.46661,-0.590707,-0.658286
1,27,45,0.735459,-0.324473,-0.594825
1,27,46,0.705093,-0.228933,-0.671143
1,27,47,0.387828,-0.630682,-0.672183
1,27,48,0.427781,-0.509563,-0.746558
1,27,49,0.615154,-0.35185,-0.70554
1,27,50,0.648116,-0.114468,-0.75289
2,23,0,0.690096,-0.629251,-0.357506
2,23,1,0.668599,-0.597535,-0.442637
2,23,2,0.633968,-0.657322,-0.407446
2,23,3,0.46024,-0.777161,-0.429185
2,23,4,0.610873,-0.790133,-0.050241
2,23,5,0.875963,-0.480709,-0.040098
2,23,6,0.629915,-0.775702,0.038657
2,23,7,0.767119,-0.585449,-0.262257
2,23,8,0.673533,-0.692757,-0.257762
2,23,9,0.850442,-0.513782,-0.113034
2,23,10,0.811069,-0.272465,-0.517619
2,23,11,0.598163,-0.533653,-0.597842
2,23,12,0.803026,-0.563109,-0.195085
2,23,13,0.886746,-0.290495,-0.359576
2,23,14,0.738943,-0.664511,-0.111302
2,23,15,0.928379,-0.371604,0.004733
2,23,16,0.637625,-0.764349,-0.095942
2,23,17,0.671372,-0.740862,0.019586
2,23,18,0.768718,-0.631783,-0.099612
2,23,19,0.732948,-0.673273,0.097417
2,23,20,0.665526,-0.6849,-0.296627
2,23,21,0.527716,-0.48349,-0.698393
2,23,22,0.393731,-0.343939,-0.852457
2,23,23,0.800499,-0.530478,-0.278916
2,23,24,0.706503,-0.659322,-0.257193
2,23,25,0.693767,-0.366019,-0.620256
2,23,26,0.764688,-0.495394,-0.412112
2,23,27,0.907247,-0.224702,-0.355544
2,23,28,0.955841,-0.239393,-0.170466
2,23,29,0.9075,0.065461,-0.414919
2,23,30,0.981081,0.059719,-0.184156
2,23,31,0.843029,-0.443024,-0.305011
2,23,32,0.802138,-0.43537,-0.40869
2,23,33,0.831305,-0.306713,-0.463529
2,23,34,0.623663,-0.256999,-0.738239
2,23,35,0.783125,-0.155125,-0.602206
2,23,36,0.937639,-0.087582,-0.336395
2,23,37,0.924849,0.135425,-0.355408
2,23,38,0.792331,-0.305969,-0.527821
2,23,39,0.789889,-0.310868,-0.528617
2,23,40,0.856758,-0.352162,-0.376759
2,23,41,0.886945,-0.30739,-0.34473
2,23,42,0.950057,-0.184711,-0.251543
2,23,43,0.951417,-0.061901,-0.301619
2,23,44,0.851882,-0.175538,-0.49344
2,23,45,0.88913,-0.008357,-0.457579
2,23,46,0.812696,-0.326155,-0.482854
2,23,47,0.59371,-0.34765,-0.725705
2,23,48,0.767933,-0.307244,-0.562033
2,23,49,0.800005,-0.284964,-0.528004
2,23,50,0.483656,-0.375057,-0.790828
2,24,0,0.595746,-0.800935,0.059915
2,24,1,0.652055,-0.746046,-0.135053
2,24,2,0.556462,-0.741992,-0.373896
2,24,3,0.563569,-0.739201,-0.368744
2,24,4,0.559186,-0.821492,-0.111635
2,24,5,0.657681,-0.731721,-0.178999
2,24,6,0.655049,-0.648811,-0.387239
2,24,7,0.807997,-0.589026,0.013778
2,24,8,0.816576,-0.453127,-0.357603
2,24,9,0.724275,-0.647871,-0.235985
2,24,10,0.633648,-0.659283,-0.404766
2,24,11,0.755318,-0.242688,-0.608767
2,24,12,0.781535,-0.574676,-0.242797
2,24,13,0.86782,-0.49197,-0.069664
2,24,14,0.822004,-0.569479,0.0019
2,24,15,0.844464,-0.533683,-0.045411
2,24,16,0.679759,-0.665915,-0.307384
2,24,17,0.571777,-0.8178,-0.065369
2,24,18,0.823438,-0.559073,-0.096886
2,24,19,0.522055,-0.82786,-0.205199
2,24,20,0.560313,-0.77304,-0.297419
2,24,21,0.683668,-0.642455,-0.346194
2,24,22,0.705836,-0.374701,-0.601161
2,24,23,0.712556,-0.680648,-0.170241
2,24,24,0.797483,-0.365422,-0.480091
2,24,25,0.792256,-0.180165,-0.582984
2,24,26,0.888225,-0.028293,-0.458537
2,24,27,0.907888,-0.293108,-0.299712
2,24,28,0.772765,-0.63236,-0.054371
2,24,29,0.854703,-0.262277,-0.447989
2,24,30,0.90018,-0.42157,-0.109334
2,24,31,0.826993,-0.282342,-0.486175
2,24,32,0.822828,-0.421025,-0.381697
2,24,33,0.82949,-0.088813,-0.551415
2,24,34,0.777793,-0.255895,-0.574069
2,24,35,0.794754,-0.43379,-0.42449
2,24,36,0.935109,0.092043,-0.342198
2,24,37,0.979164,-0.03585,-0.199883
2,24,38,0.83113,-0.405495,-0.380523
2,24,39,0.826675,-0.271959,-0.492592
2,24,40,0.7778,-0.459545,-0.428773
2,24,41,0.770333,-0.372791,-0.517315
2,24,42,0.778803,-0.551861,-0.298186
2,24,43,0.781956,-0.370728,-0.501104
2,24,44,0.784148,-0.171681,-0.596354
2,24,45,0.6679,-0.417612,-0.616043
2,24,46,0.886558,-0.222837,-0.405411
2,24,47,0.36067,-0.435793,-0.824622
2,24,48,0.546124,-0.750053,-0.373054
2,24,49,0.549731,-0.522231,-0.651974
2,24,50,0.631572,-0.267372,-0.727756
2,25,0,0.793239,-0.524157,-0.309888
2,25,1,0.637305,-0.59381,-0.491155
2,25,2,0.617407,-0.780426,-0.098712
2,25,3,0.634559,-0.663527,-0.396316
2,25,4,0.685254,-0.673243,-0.277795
2,25,5,0.668799,-0.723369,-0.171593
2,25,6,0.647687,-0.595855,-0.474825
2,25,7,0.742707,-0.666375,-0.065807
2,25,8,0.842556,-0.538426,0.014052
2,25,9,0.700272,-0.56922,-0.430822
2,25,10,0.874629,-0.297877,-0.382483
2,25,11,0.896039,-0.410804,-0.168385
2,25,12,0.691527,-0.709589,-0.13518
2,25,13,0.876182,-0.454263,0.16109
2,25,14,0.839671,-0.536861,-0.082056
2,25,15,0.858135,-0.510915,0.050693
2,25,16,0.673608,-0.730786,0.110472
2,25,17,0.637291,-0.759391,-0.131098
2,25,18,0.725823,-0.637512,-0.258377
2,25,19,0.761571,-0.645004,0.063089
2,25,20,0.617784,-0.701508,-0.355289
2,25,21,0.63667,-0.555622,-0.534729
2,25,22,0.600573,-0.517561,-0.609461
2,25,23,0.744665,-0.530679,-0.404788
2,25,24,0.842801,-0.266572,-0.467575
2,25,25,0.822113,-0.491022,-0.288145
2,25,26,0.812128,-0.351288,-0.46588
2,25,27,0.912684,-0.290101,-0.287837
2,25,28,0.743339,-0.618931,-0.253716
2,25,29,0.794131,-0.351464,-0.495811
2,25,30,0.852863,-0.326936,-0.407108
2,25,31,0.770442,-0.469438,-0.431331
2,25,32,0.824085,-0.361968,-0.435732
2,25,33,0.829695,-0.181406,-0.527918
2,25,34,0.723697,-0.395606,-0.565472
2,25,35,0.844018,-0.403754,-0.35301
2,25,36,0.930585,-0.251337,-0.26616
2,25,37,0.864995,-0.429195,-0.259953
2,25,38,0.822153,-0.316855,-0.472934
2,25,39,0.745722,-0.41482,-0.521366
2,25,40,0.772243,-0.449225,-0.449264
2,25,41,0.720088,-0.389536,-0.574226
2,25,42,0.711781,-0.482153,-0.51078
2,25,43,0.776205,-0.348964,-0.5251
2,25,44,0.888536,-0.274606,-0.367552
2,25,45,0.824278,-0.344909,-0.449003
2,25,46,0.636641,-0.553629,-0.536827
2,25,47,0.42586,-0.511392,-0.746406
2,25,48,0.43048,-0.562153,-0.706166
2,25,49,0.543237,-0.304112,-0.782566
2,25,50,0.629148,-0.376621,-0.679948
2,26,0,0.860719,-0.257677,-0.43905
2,26,1,0.596133,-0.789514,-0.145922
2,26,2,0.38681,-0.885983,-0.255759
2,26,3,0.549793,-0.558556,-0.621082
2,26,4,0.72071,-0.633117,-0.282383
2,26,5,0.561089,-0.780563,-0.275501
2,26,6,0.562637,-0.731334,-0.385474
2,26,7,0.868449,-0.480114,-0.123644
2,26,8,0.915265,-0.398938,-0.056027
2,26,9,0.878691,-0.467794,0.095245
2,26,10,0.927216,-0.341251,-0.154333
2,26,11,0.946881,-0.320579,-0.025391
2,26,12,0.881785,-0.427619,-0.198988
2,26,13,0.779121,-0.500422,-0.377557
2,26,14,0.871888,-0.482929,0.081183
2,26,15,0.692315,-0.714897,-0.098092
2,26,16,0.727445,-0.6546,0.205726
2,26,17,0.471017,-0.875958,-0.104116
2,26,18,0.673118,-0.73888,-0.031126
2,26,19,0.482478,-0.865393,-0.135312
2,26,20,0.762664,-0.54484,-0.348559
2,26,21,0.761175,-0.568914,-0.311367
2,26,22,0.69694,-0.618775,-0.362482
2,26,23,0.814554,-0.305305,-0.493245
2,26,24,0.931493,-0.231425,-0.28065
2,26,25,0.904399,-0.294659,-0.308608
2,26,26,0.932577,-0.272636,-0.236578
2,26,27,0.901574,-0.430376,-0.044053
2,26,28,0.904438,-0.26168,-0.336919
2,26,29,0.79925,-0.298823,-0.521445
2,26,30,0.755535,-0.366861,-0.542752
2,26,31,0.815859,-0.402186,-0.415477
2,26,32,0.657085,-0.685293,-0.314027
2,26,33,0.878127,-0.353445,-0.322444
2,26,34,0.862746,-0.34263,-0.371851
2,26,35,0.66096,-0.377598,-0.6485
2,26,36,0.787964,-0.295932,-0.539941
2,26,37,0.756108,-0.344247,-0.556592
2,26,38,0.935849,-0.227964,-0.268737
2,26,39,0.645375,-0.597324,-0.476126
2,26,40,0.616194,-0.695544,-0.369491
2,26,41,0.563779,-0.611786,-0.554862
2,26,42,0.759689,-0.283257,-0.585353
2,26,43,0.718614,-0.437346,-0.540669
2,26,44,0.814431,-0.363606,-0.452209
2,26,45,0.579054,-0.489971,-0.651632
2,26,46,0.437301,-0.581004,-0.686442
2,26,47,0.415103,-0.753191,-0.510287
2,26,48,0.327063,-0.25957,-0.908654
2,26,49,0.56631,-0.471857,-0.675755
2,26,50,0.70484,-0.266815,-0.657275
2,27,0,0.74898,-0.540377,-0.383435
2,27,1,0.630711,-0.702227,-0.330275
2,27,2,0.617921,-0.734961,-0.279296
2,27,3,0.73727,-0.392229,-0.550082
2,27,4,0.748393,-0.543946,-0.379512
2,27,5,0.563427,-0.707523,-0.42657
2,27,6,0.780283,-0.541928,-0.312207
2,27,7,0.778913,-0.367592,-0.508105
2,27,8,0.885301,-0.449129,-0.120522
2,27,9,0.962202,-0.252245,-0.102664
2,27,10,0.970719,-0.239586,-0.017433
2,27,11,0.715178,-0.628265,-0.306274
2,27,12,0.843348,-0.516188,-0.149381
2,27,13,0.869996,-0.266961,-0.414535
2,27,14,0.94118,-0.324694,-0.093565
2,27,15,0.908691,-0.406327,0.095808
2,27,16,0.765045,-0.637035,0.0943
2,27,17,0.465048,-0.883396,-0.057803
2,27,18,0.822157,-0.568535,-0.028726
2,27,19,0.821024,-0.504173,-0.267821
2,27,20,0.739949,-0.58606,-0.330165
2,27,21,0.784809,-0.585862,-0.202089
2,27,22,0.766617,-0.623913,-0.151761
2,27,23,0.853729,-0.196946,-0.482035
2,27,24,0.87843,-0.230729,-0.418479
2,27,25,0.855143,-0.155431,-0.494541
2,27,26,0.809079,-0.358278,-0.465862
2,27,27,0.857204,-0.340635,-0.386226
2,27,28,0.873735,-0.211888,-0.437825
2,27,29,0.872586,-0.422939,-0.244369
2,27,30,0.995064,0.040947,-0.09039
2,27,31,0.78111,-0.312785,-0.540401
2,27,32,0.440955,-0.445541,-0.779135
2,27,33,0.741406,-0.279865,-0.609912
2,27,34,0.784335,-0.328763,-0.526054
2,27,35,0.750112,-0.258847,-0.608547
2,27,36,0.711404,-0.397394,-0.57964
2,27,37,0.852257,-0.281434,-0.440968
2,27,38,0.759669,-0.458091,-0.46158
2,27,39,0.667347,-0.17824,-0.723104
2,27,40,0.705734,-0.654105,-0.272187
2,27,41,0.702927,-0.536099,-0.467432
2,27,42,0.670962,-0.599725,-0.43605
2,27,43,0.66581,-0.586364,-0.461383
2,27,44,0.617098,-0.469574,-0.631419
2,27,45,0.521342,-0.602065,-0.604748
2,27,46,0.443168,-0.533288,-0.72056
2,27,47,0.017006,-0.822502,-0.568508
2,27,48,0.384249,-0.524467,-0.759794
2,27,49,0.559428,-0.481794,-0.674474
2,27,50,0.718122,-0.354258,-0.599001
3,23,23,0.578788,-0.196856,-0.791361
3,23,24,0.39028,0.175054,-0.903901
3,23,25,0.60436,0.154264,-0.781634
3,23,26,-0.411648,0.220688,-0.884219
3,23,27,-0.088426,-0.074407,-0.9933
3,24,23,0.067636,-0.691137,-0.719552
3,24,27,0.578709,0.607675,0.5439
3,25,23,0.262869,-0.187411,-0.946455
3,25,27,-0.342513,-0.153038,-0.926965
3,26,23,0.739062,0.100319,-0.666126
3,26,27,0.771168,0.581653,-0.258803
3,27,23,0.747163,-0.403647,-0.528031
3,27,24,-0.024629,-0.187897,-0.98188
3,27,25,0.806393,-0.589569,-0.046246
3,27,26,0.231367,-0.885455,-0.403037
3,27,27,0.480067,-0.646333,-0.593118
4,23,23,0.481182,-0.134753,0.017479
4,23,24,0.382671,-0.019211,0.321238
4,23,25,0.308835,-0.084669,-0.383995
4,23,26,-0.243318,-0.183039,-0.396602
4,23,27,0.284577,0.090771,-0.40097
4,24,23,0.079047,-0.490446,-0.056691
4,24,27,0.378896,0.195254,0.261369
4,25,23,0.420659,0.142916,-0.229392
4,25,27,0.114052,0.128657,-0.46951
4,26,23,0.386176,-0.186297,-0.257219
4,26,27,0.017254,0.481335,-0.134235
4,27,23,0.415949,-0.276046,-0.028022
4,27,24,0.478711,-0.110109,-0.093339
4,27,25,0.140546,-0.333275,0.345217
4,27,26,0.464143,-0.185676,-0.009788
4,27,27,0.297278,-0.299532,-0.268153
5,23,23,0.433937,-0.148374,-0.199208
5,23,24,0.445826,-0.088887,-0.20818
5,23,25,0.302199,0.327498,-0.226762
5,23,26,0.018952,0.341728,-0.364503
5,23,27,0.106488,0.259932,-0.413637
5,24,23,0.318084,-0.095542,-0.373757
5,24,27,0.407798,0.170257,-0.233909
5,25,23,0.334659,-0.338143,-0.153827
5,25,27,0.301139,0.1716,-0.360373
5,26,23,0.305435,-0.168729,-0.358106
5,26,27,0.42233,0.156142,-0.217387
5,27,23,0.227815,-0.255861,-0.364192
5,27,24,0.1544,0.03323,-0.474401
5,27,25,0.43697,-0.201839,-0.135345
5,27,26,0.295306,-0.236099,-0.327187
5,27,27,0.283631,0.151593,-0.382848
6,23,23,0.24075,0.329456,-0.912961
6,23,24,0.995539,0.014659,-0.093205
6,23,25,0.739503,-0.433652,-0.514861
6,23,26,-0.475761,0.588118,-0.65404
6,23,27,0.338079,-0.06618,-0.938788
6,24,23,0.255886,-0.730791,-0.632824
6,24,27,0.816174,0.464846,0.343188
6,25,23,0.933521,0.152504,-0.324469
6,25,27,0.528882,0.453322,-0.717484
6,26,23,-0.626116,0.031038,-0.779112
6,26,27,0.640787,0.332551,-0.691955
6,27,23,0.855468,-0.288381,-0.430129
6,27,24,0.496547,-0.403339,-0.768608
6,27,25,0.814246,-0.547559,0.192826
6,27,26,0.6828,-0.123868,-0.720028
6,27,27,0.604605,-0.682991,-0.409848
7,23,23,0.771628,-0.195303,-0.605349
7,23,24,0.742474,-0.186332,-0.643438
7,23,25,0.848451,-0.373394,-0.375111
7,23,26,0.26593,-0.171744,-0.94857
7,23,27,0.747629,-0.115874,-0.65393
7,24,23,0.618019,-0.785785,-0.024379
7,24,27,0.960115,0.083591,-0.266817
7,25,23,0.227294,-0.503562,-0.833524
7,25,27,0.754315,0.301822,-0.583021
7,26,23,0.81806,0.1929,-0.541818
7,26,27,0.924036,-0.355586,-0.140414
7,27,23,0.664377,-0.342964,-0.664062
7,27,24,0.712328,0.313052,-0.628162
7,27,25,0.980822,-0.158729,-0.113109
7,27,26,0.940521,-0.074417,-0.331484
7,27,27,0.923882,-0.375024,-0.076154
8,23,23,0.373437,-0.301228,-0.140734
8,23,24,0.382001,-0.206836,-0.247576
8,23,25,0.455,-0.195827,0.068022
8,23,26,-0.013231,-0.063694,-0.49575
8,23,27,0.458864,-0.085049,-0.179473
8,24,23,0.39477,-0.186155,0.243932
8,24,27,0.493948,-0.067024,-0.039024
8,25,23,0.077288,-0.367484,0.330125
8,25,27,0.217814,0.385891,-0.231614
8,26,23,0.171899,-0.335328,-0.328642
8,26,27,0.077842,0.306811,-0.38705
8,27,23,0.466322,0.107625,0.144777
8,27,24,-0.301797,-0.202536,-0.343363
8,27,25,0.474978,0.054653,-0.146317
8,27,26,0.235767,0.191534,-0.397151
8,27,27,-0.045837,-0.338613,-0.365021
9,23,23,0.395256,-0.238693,0.19183
9,23,24,0.032996,-0.21357,-0.450887
9,23,25,0.449951,-0.209817,-0.059341
9,23,26,-0.280968,-0.058469,-0.409436
9,23,27,0.412588,-0.034572,-0.280313
9,24,23,0.323947,-0.178414,-0.336492
9,24,27,0.149184,0.34749,0.327101
9,25,23,0.09213,-0.307749,-0.383148
9,25,27,-0.187295,0.41111,-0.214264
9,26,23,0.170761,0.19614,-0.427047
9,26,27,0.387758,0.310488,-0.056932
9,27,23,0.379677,0.138508,-0.294382
9,27,24,0.003108,-0.388357,-0.314912
9,27,25,0.422949,-0.264705,0.032339
9,27,26,-0.109103,-0.487792,-0.012461
9,27,27,0.136719,-0.418626,-0.23677
10,23,23,0.753627,-0.35823,-0.551106
10,23,24,0.289364,-0.270969,-0.918065
10,23,25,0.562607,0.779802,-0.274558
10,23,26,0.59284,0.414635,-0.690375
10,23,27,0.390591,-0.817668,-0.422916
10,24,23,0.514922,0.66477,-0.541236
10,24,27,0.868924,0.12301,-0.479416
10,25,23,0.332681,-0.942942,0.013537
10,25,27,-0.627074,0.478003,-0.615054
10,26,23,-0.401156,-0.652859,-0.642533
10,26,27,0.412774,0.534596,-0.737445
10,27,23,0.951335,0.03908,-0.30567
10,27,24,0.169234,-0.224195,-0.959738
10,27,25,0.825869,-0.483833,-0.289562
10,27,26,0.306459,-0.39212,-0.867367
10,27,27,0.345147,-0.798404,-0.493382
11,0,23,-0.725191,-0.60607,0.326767
11,0,24,-0.226603,-0.822714,0.521337
11,0,25,-0.301792,-0.939615,0.161385
11,0,26,-0.576344,-0.70505,0.413196
11,0,27,-0.353183,-0.805928,0.475123
11,1,23,-0.349356,-0.89995,0.260845
11,1,24,-0.216718,-0.894331,0.391415
11,1,25,-0.349451,-0.84398,0.406917
11,1,26,-0.756891,-0.63379,0.159458
11,1,27,-0.488408,-0.545448,0.681134
11,2,23,-0.353388,-0.824998,0.441016
11,2,24,-0.246023,-0.920227,0.304394
11,2,25,-0.455456,-0.636222,0.622721
11,2,26,-0.692369,-0.634296,0.343939
11,2,27,-0.667735,-0.675929,0.311847
11,3,23,-0.28617,-0.792226,0.538967
11,3,24,-0.21776,-0.748964,0.625807
11,3,25,-0.2653,-0.806691,0.528078
11,3,26,-0.413768,-0.833994,0.365035
11,3,27,-0.35176,-0.880791,0.316974
11,4,23,-0.276132,-0.9429,0.186254
11,4,24,-0.230669,-0.911772,0.339798
11,4,25,-0.287191,-0.945593,0.152889
11,4,26,-0.298628,-0.884514,0.358407
11,4,27,-0.31828,-0.648274,0.691692
11,5,23,-0.118372,-0.868547,0.481263
11,5,24,-0.162258,-0.900302,0.403891
11,5,25,-0.144299,-0.905914,0.398117
11,5,26,0.122711,-0.934413,0.334386
11,5,27,-0.306412,-0.826821,0.471676
11,6,23,-0.300618,-0.852709,0.427219
11,6,24,-0.290601,-0.827843,0.47982
11,6,25,-0.144285,-0.81843,0.556196
11,6,26,-0.384197,-0.674455,0.630479
11,6,27,0.140472,-0.751714,0.644355
11,7,23,-0.301238,-0.851803,0.428588
11,7,24,-0.454806,-0.734621,0.503471
11,7,25,-0.219874,-0.827863,0.516042
11,7,26,-0.428258,-0.795949,0.427856
11,7,27,-0.471136,-0.601458,0.645197
11,8,23,-0.365157,-0.828879,0.423817
11,8,24,-0.542675,-0.719817,0.432859
11,8,25,-0.136954,-0.898449,0.417173
11,8,26,-0.388684,-0.611594,0.689114
11,8,27,-0.425898,-0.69974,0.573563
11,9,23,-0.297663,-0.922092,0.247272
11,9,24,-0.467209,-0.672486,0.574002
11,9,25,-0.456585,-0.59124,0.664805
11,9,26,-0.379591,-0.423183,0.822695
11,9,27,-0.140926,-0.68845,0.711461
11,10,23,-0.363475,-0.879089,0.308364
11,10,24,-0.433781,-0.794,0.425909
11,10,25,-0.258572,-0.73205,0.630273
11,10,26,-0.305557,-0.779348,0.547039
11,10,27,-0.25985,-0.760461,0.595127
11,11,23,-0.339811,-0.786207,0.516146
11,11,24,-0.090057,-0.637375,0.765273
11,11,25,0.033663,-0.386466,0.921689
11,11,26,-0.559474,-0.492181,0.666894
11,11,27,-0.309431,-0.698854,0.644868
11,12,23,0.131233,-0.785599,0.604659
11,12,24,-0.144408,-0.711526,0.68766
11,12,25,-0.226064,-0.660042,0.716408
11,12,26,-0.407107,-0.664362,0.626807
11,12,27,-0.305837,-0.819046,0.485414
11,13,23,0.1044,-0.563256,0.81966
11,13,24,0.008166,-0.605114,0.796097
11,13,25,-0.371283,-0.587736,0.71883
11,13,26,-0.523775,-0.520373,0.674442
11,13,27,-0.565021,-0.528499,0.633593
11,14,23,0.030111,-0.530378,0.847227
11,14,24,-0.140946,-0.528445,0.837186
11,14,25,-0.235856,-0.462146,0.854864
11,14,26,-0.422677,-0.464726,0.778058
11,14,27,-0.328731,-0.634458,0.699571
11,15,23,-0.037127,-0.323087,0.945641
11,15,24,-0.443642,-0.449349,0.775415
11,15,25,-0.4603,-0.536799,0.707086
11,15,26,-0.301001,-0.47785,0.825262
11,15,27,-0.14094,-0.499892,0.854543
11,16,23,-0.163945,-0.622725,0.765072
11,16,24,-0.528145,-0.384978,0.756872
11,16,25,-0.621452,-0.510464,0.594326
11,16,26,-0.422812,-0.618674,0.662172
11,16,27,-0.108405,-0.694384,0.711393
11,17,23,-0.491125,-0.692019,0.529062
11,17,24,-0.5635,-0.062319,0.823762
11,17,25,-0.424447,-0.419424,0.802452
11,17,26,-0.56173,-0.241022,0.791434
11,17,27,-0.643001,-0.432246,0.632229
11,18,23,-0.426895,-0.179605,0.886286
11,18,24,-0.449195,-0.176774,0.875771
11,18,25,-0.517201,-0.27911,0.809074
11,18,26,-0.520918,-0.223085,0.82394
11,18,27,-0.809494,-0.298804,0.505407
11,19,23,-0.519695,-0.266385,0.811761
11,19,24,-0.841854,-0.242614,0.482101
11,19,25,-0.516052,-0.175651,0.838354
11,19,26,-0.45984,-0.408036,0.788704
11,19,27,-0.71885,-0.11936,0.684842
11,20,23,-0.578951,-0.230969,0.781965
11,20,24,-0.455807,-0.511265,0.728594
11,20,25,-0.382593,-0.406592,0.829642
11,20,26,-0.591964,-0.127587,0.795801
11,20,27,-0.365299,0.153913,0.918078
11,21,23,-0.569513,0.02903,0.821469
11,21,24,-0.645335,-0.300012,0.70252
11,21,25,-0.901189,-0.166633,0.400114
11,21,26,-0.547743,-0.376553,0.747118
11,21,27,-0.608997,-0.43572,0.662775
11,22,23,-0.408462,0.053923,0.911181
11,22,24,-0.313395,-0.17287,0.933756
11,22,25,-0.51012,-0.165443,0.844042
11,22,26,-0.579425,-0.12451,0.805459
11,22,27,-0.564808,0.03183,0.824609
11,23,23,-0.305896,0.13852,0.941934
11,23,24,-0.409862,-0.348375,0.843
11,23,25,-0.513499,-0.049929,0.856637
11,23,26,-0.608354,-0.183939,0.772057
11,23,27,-0.577721,-0.177772,0.79664
11,24,23,-0.589456,-0.001142,0.8078
11,24,24,-0.663002,0.058207,0.746352
11,24,25,-0.637512,0.015259,0.77029
11,24,26,-0.770121,-0.140292,0.622279
11,24,27,-0.870974,-0.142389,0.470245
11,25,23,-0.434096,0.308018,0.846573
11,25,24,-0.522558,0.158766,0.837691
11,25,25,-0.620471,0.070983,0.78101
11,25,26,-0.944052,0.040204,0.327338
11,25,27,-0.838454,-0.249097,0.484711
11,26,23,-0.619286,0.153389,0.770037
11,26,24,-0.734619,0.170545,0.656695
11,26,25,-0.811376,0.178591,0.556574
11,26,26,-0.845002,-0.035863,0.533559
11,26,27,-0.775255,-0.307702,0.551633
11,27,23,-0.805586,0.054706,0.589948
11,27,24,-0.848935,0.141553,0.509188
11,27,25,-0.914896,0.022097,0.403084
11,27,26,-0.81201,0.008925,0.583575
11,27,27,-0.736942,-0.144105,0.660416
11,28,23,-0.607296,-0.070113,0.791376
11,28,24,-0.885935,0.083745,0.456186
11,28,25,-0.917739,0.02228,0.396559
11,28,26,-0.621479,-0.023833,0.783068
11,28,27,-0.590523,-0.292973,0.751964
11,29,23,-0.661042,-0.098724,0.743826
11,29,24,-0.924331,0.138042,0.355749
11,29,25,-0.893953,0.00174,0.448158
11,29,26,-0.880771,0.126196,0.456417
11,29,27,-0.70957,0.180101,0.68123
11,30,23,-0.692126,-0.023651,0.721389
11,30,24,-0.795916,-0.016169,0.605192
11,30,25,-0.808735,0.023624,0.587698
11,30,26,-0.787498,-0.267494,0.555242
11,30,27,-0.86947,-0.248596,0.426875
11,31,23,-0.810087,0.092546,0.57896
11,31,24,-0.877619,0.102392,0.468295
11,31,25,-0.817625,0.152956,0.555062
11,31,26,-0.812461,-0.006049,0.582985
11,31,27,-0.863291,0.006658,0.504663
11,32,23,-0.626754,0.421422,0.655426
11,32,24,-0.665294,0.243479,0.705763
11,32,25,-0.659624,0.107277,0.743901
11,32,26,-0.741735,0.119616,0.65994
11,32,27,-0.838919,-0.270944,0.472022
11,33,23,-0.841404,-0.046732,0.538383
11,33,24,-0.85168,0.07683,0.5184
11,33,25,-0.963587,-0.081488,0.254676
11,33,26,-0.832082,-0.141896,0.536196
11,33,27,-0.779847,-0.168289,0.602924
11,34,23,-0.652813,-0.153961,0.741708
11,34,24,-0.754955,-0.148194,0.638813
11,34,25,-0.771756,-0.292497,0.564658
11,34,26,-0.875992,-0.239536,0.418642
11,34,27,-0.75505,-0.245791,0.607854
11,35,23,-0.394128,-0.179815,0.901293
11,35,24,-0.861543,0.066203,0.50335
11,35,25,-0.805549,-0.035223,0.591481
11,35,26,-0.908019,0.030125,0.417845
11,35,27,-0.627641,-0.303133,0.717062
11,36,23,-0.44677,0.146368,0.882595
11,36,24,-0.67127,-0.11356,0.732462
11,36,25,-0.796766,-0.244803,0.552481
11,36,26,-0.84772,-0.017235,0.530165
11,36,27,-0.714094,-0.12589,0.688637
11,37,23,-0.560127,-0.062726,0.826028
11,37,24,-0.448472,-0.064634,0.891457
11,37,25,-0.678292,0.012475,0.734687
11,37,26,-0.664451,-0.142895,0.733543
11,37,27,-0.763248,0.123455,0.634202
11,38,23,-0.603095,0.214504,0.768287
11,38,24,-0.694226,-0.0084,0.719709
11,38,25,-0.625808,-0.164179,0.762502
11,38,26,-0.509528,-0.548988,0.662566
11,38,27,-0.696373,-0.081558,0.713031
11,39,23,-0.521726,0.050118,0.85164
11,39,24,-0.624044,0.163667,0.764056
11,39,25,-0.602222,0.18879,0.775685
11,39,26,-0.606415,-0.02642,0.794709
11,39,27,-0.781332,-0.207712,0.588538
11,40,23,-0.625508,-0.058893,0.777992
11,40,24,-0.588702,0.241325,0.771487
11,40,25,-0.476816,-0.045433,0.877828
11,40,26,-0.362728,-0.000783,0.931895
11,40,27,-0.500978,-0.212107,0.839066
11,41,23,-0.623849,0.05974,0.779258
11,41,24,-0.687144,0.062762,0.723805
11,41,25,-0.437584,0.11583,0.891686
11,41,26,-0.558222,-0.063116,0.827288
11,41,27,-0.524678,-0.156939,0.83671
11,42,23,-0.428902,0.051262,0.901895
11,42,24,-0.471312,0.095136,0.876821
11,42,25,-0.643895,-0.321755,0.694171
11,42,26,-0.394621,-0.003138,0.918838
11,42,27,-0.399208,-0.068557,0.914293
11,43,23,-0.653758,0.023994,0.756323
11,43,24,-0.59421,0.001961,0.804307
11,43,25,-0.691909,-0.014155,0.721846
11,43,26,-0.701797,-0.2089,0.68106
11,43,27,-0.539042,-0.102523,0.836016
11,44,23,-0.536494,0.510717,0.67182
11,44,24,-0.496841,0.240441,0.833869
11,44,25,-0.739876,0.305403,0.599426
11,44,26,-0.69464,-0.132739,0.707005
11,44,27,-0.819993,-0.083848,0.566199
11,45,23,-0.596917,0.338214,0.727531
11,45,24,-0.601234,0.364133,0.711284
11,45,25,-0.646531,0.438018,0.624611
11,45,26,-0.433149,0.218299,0.874487
11,45,27,-0.50295,0.404918,0.763599
11,46,23,-0.617037,-0.214909,0.75702
11,46,24,-0.735883,0.240285,0.63304
11,46,25,-0.732338,0.176267,0.657732
11,46,26,-0.562018,0.232389,0.793808
11,46,27,-0.385345,0.607088,0.694948
11,47,23,-0.522432,0.006372,0.852657
11,47,24,-0.491169,0.254103,0.833177
11,47,25,-0.533895,0.522925,0.664459
11,47,26,-0.463373,0.371355,0.8046
11,47,27,-0.701837,0.158215,0.694545
11,48,23,-0.48622,0.55284,0.676726
11,48,24,-0.430943,0.454233,0.779718
11,48,25,-0.690648,0.302654,0.656815
11,48,26,-0.631933,0.074826,0.771402
11,48,27,-0.611149,0.46765,0.638592
11,49,23,-0.606985,0.582352,0.540773
11,49,24,-0.650483,0.312946,0.692052
11,49,25,-0.684045,0.367998,0.629809
11,49,26,-0.783819,0.253744,0.566782
11,49,27,-0.597627,0.387027,0.702177
11,50,23,-0.060539,0.545972,0.835613
11,50,24,-0.788163,0.004534,0.61545
11,50,25,-0.852676,-0.060941,0.518873
11,50,26,-0.658971,0.015538,0.752008
11,50,27,-0.612326,0.139955,0.778119
12,0,23,-0.398227,-0.898475,0.184816
12,0,24,-0.316731,-0.840264,0.440044
12,0,25,-0.397684,-0.870248,0.290716
12,0,26,-0.555266,-0.593437,0.582677
12,0,27,-0.54891,-0.674998,0.493028
12,1,23,-0.251201,-0.954857,0.158572
12,1,24,-0.053042,-0.838816,0.541825
12,1,25,-0.496548,-0.838281,0.225223
12,1,26,-0.60342,-0.62521,0.494971
12,1,27,-0.389677,-0.717024,0.577952
12,2,23,-0.420051,-0.86119,0.286199
12,2,24,-0.322248,-0.870238,0.372614
12,2,25,-0.568957,-0.712853,0.410034
12,2,26,-0.563884,-0.679602,0.469229
12,2,27,-0.516379,-0.72029,0.463179
12,3,23,-0.401774,-0.81158,0.424164
12,3,24,-0.461048,-0.707121,0.53611
12,3,25,-0.501154,-0.723687,0.47447
12,3,26,-0.266798,-0.893282,0.361753
12,3,27,-0.31018,-0.694035,0.649696
12,4,23,-0.338721,-0.859659,0.382431
12,4,24,-0.507008,-0.837922,0.202066
12,4,25,-0.219438,-0.926494,0.305704
12,4,26,-0.23347,-0.861319,0.451245
12,4,27,-0.270093,-0.624281,0.733023
12,5,23,-0.111622,-0.887267,0.447547
12,5,24,-0.459007,-0.702712,0.543607
12,5,25,-0.058672,-0.844043,0.533056
12,5,26,-0.346429,-0.674513,0.651935
12,5,27,-0.343272,-0.57883,0.739675
12,6,23,-0.445906,-0.772541,0.452049
12,6,24,-0.375151,-0.841097,0.389638
12,6,25,-0.134398,-0.862307,0.488225
12,6,26,-0.260147,-0.438612,0.860199
12,6,27,-0.259703,-0.612548,0.746552
12,7,23,-0.332807,-0.710039,0.620551
12,7,24,-0.205715,-0.868409,0.451161
12,7,25,-0.224155,-0.617033,0.754337
12,7,26,-0.159057,-0.569505,0.806452
12,7,27,-0.327453,-0.718396,0.613744
12,8,23,-0.254564,-0.768114,0.587536
12,8,24,-0.343112,-0.812691,0.470965
12,8,25,-0.170513,-0.750269,0.638765
12,8,26,-0.247661,-0.851458,0.462259
12,8,27,-0.435814,-0.640904,0.631908
12,9,23,-0.520248,-0.649049,0.555047
12,9,24,-0.460417,-0.77823,0.427053
12,9,25,-0.261144,-0.679144,0.685979
12,9,26,-0.346046,-0.636916,0.688905
12,9,27,-0.652008,-0.404062,0.641576
12,10,23,-0.263428,-0.74234,0.616065
12,10,24,-0.417107,-0.749809,0.513623
12,10,25,-0.273828,-0.817787,0.506204
12,10,26,-0.317904,-0.644261,0.695604
12,10,27,-0.186542,-0.517459,0.835128
12,11,23,-0.284504,-0.741626,0.607493
12,11,24,-0.385532,-0.786455,0.482549
12,11,25,-0.492556,-0.74011,0.457849
12,11,26,-0.524249,-0.749891,0.403517
12,11,27,-0.53562,-0.648409,0.540996
12,12,23,-0.348564,-0.643042,0.681909
12,12,24,-0.269946,-0.756671,0.595465
12,12,25,-0.418584,-0.787669,0.452067
12,12,26,-0.366156,-0.596777,0.713993
12,12,27,-0.314667,-0.546731,0.775932
12,13,23,-0.317953,-0.51814,0.794
12,13,24,-0.208008,-0.599839,0.77261
12,13,25,-0.214685,-0.622105,0.752925
12,13,26,-0.548552,-0.394,0.737465
12,13,27,-0.256082,-0.585443,0.769207
12,14,23,-0.365293,-0.406178,0.837604
12,14,24,-0.348929,-0.545712,0.76187
12,14,25,-0.359141,-0.617937,0.699408
12,14,26,-0.539453,-0.449625,0.711918
12,14,27,-0.454955,-0.545265,0.704061
12,15,23,-0.208993,-0.706767,0.675872
12,15,24,-0.311685,-0.412268,0.856088
12,15,25,-0.430886,-0.570506,0.699185
12,15,26,-0.468943,-0.559117,0.683726
12,15,27,-0.055075,-0.71173,0.700291
12,16,23,-0.23478,-0.494972,0.836589
12,16,24,-0.399758,-0.289586,0.869674
12,16,25,-0.550444,-0.55939,0.619754
12,16,26,-0.556808,-0.479023,0.678603
12,16,27,-0.269466,-0.458784,0.846703
12,17,23,-0.400834,-0.408439,0.820067
12,17,24,-0.444338,-0.051635,0.89437
12,17,25,-0.64705,-0.109188,0.754589
12,17,26,-0.40658,-0.260912,0.875567
12,17,27,-0.432219,-0.583271,0.687736
12,18,23,-0.389803,-0.350094,0.851756
12,18,24,-0.519669,-0.269308,0.810813
12,18,25,-0.566455,-0.352596,0.744852
12,18,26,-0.628687,-0.125395,0.767482
12,18,27,-0.307452,-0.491348,0.814893
12,19,23,-0.63376,-0.282129,0.720244
12,19,24,-0.727953,-0.326743,0.602763
12,19,25,-0.533101,-0.280972,0.798034
12,19,26,-0.580077,-0.234856,0.77997
12,19,27,-0.583945,-0.231,0.778233
12,20,23,-0.738307,-0.480322,0.473491
12,20,24,-0.632946,-0.200593,0.747758
12,20,25,-0.390708,-0.139547,0.909876
12,20,26,-0.581717,0.152455,0.798976
12,20,27,-0.592615,0.02479,0.805104
12,21,23,-0.485971,-0.117909,0.865985
12,21,24,-0.550355,-0.161257,0.81921
12,21,25,-0.724319,-0.291381,0.624867
12,21,26,-0.68263,-0.11345,0.721904
12,21,27,-0.543323,-0.238666,0.804885
12,22,23,-0.404685,0.088043,0.910208
12,22,24,-0.507109,-0.100229,0.856034
12,22,25,-0.635606,-0.171776,0.75266
12,22,26,-0.656729,-0.056441,0.752011
12,22,27,-0.535767,-0.230277,0.812358
12,23,23,-0.465472,-0.133619,0.874918
12,23,24,-0.578446,0.062899,0.813292
12,23,25,-0.292034,-0.196573,0.935989
12,23,26,-0.534638,-0.231106,0.812867
12,23,27,-0.341278,-0.29173,0.893545
12,24,23,-0.621828,-0.12713,0.772766
12,24,24,-0.573489,0.140696,0.807041
12,24,25,-0.862499,-0.044645,0.504085
12,24,26,-0.66991,-0.09579,0.736237
12,24,27,-0.682281,0.032831,0.730353
12,25,23,-0.647847,-0.142261,0.748369
12,25,24,-0.644413,-0.058241,0.762457
12,25,25,-0.787962,0.108035,0.606172
12,25,26,-0.645878,-0.026307,0.762988
12,25,27,-0.818669,-0.214236,0.532808
12,26,23,-0.641178,-0.233668,0.730951
12,26,24,-0.808832,0.060929,0.584875
12,26,25,-0.865833,-0.041857,0.498579
12,26,26,-0.871967,0.083066,0.482466
12,26,27,-0.944619,-0.037991,0.325964
12,27,23,-0.674074,-0.392038,0.626044
12,27,24,-0.867768,0.003923,0.496953
12,27,25,-0.867233,-0.18464,0.462402
12,27,26,-0.931761,-0.071304,0.356001
12,27,27,-0.720514,-0.070405,0.689857
12,28,23,-0.727458,-0.016025,0.685965
12,28,24,-0.86601,0.003952,0.500012
12,28,25,-0.814585,-0.155886,0.558705
12,28,26,-0.666187,-0.023818,0.745404
12,28,27,-0.620476,-0.272994,0.735176
12,29,23,-0.767213,-0.060452,0.638537
12,29,24,-0.886464,0.076582,0.456418
12,29,25,-0.761347,-0.021343,0.647993
12,29,26,-0.6527,-0.237533,0.719417
12,29,27,-0.802908,-0.249633,0.541314
12,30,23,-0.791093,0.514093,0.331482
12,30,24,-0.799862,-0.122349,0.587582
12,30,25,-0.884096,0.127054,0.449702
12,30,26,-0.729779,0.033492,0.682862
12,30,27,-0.899625,-0.128752,0.417251
12,31,23,-0.727621,0.314514,0.609629
12,31,24,-0.877431,-0.022056,0.479195
12,31,25,-0.86649,-0.090777,0.490871
12,31,26,-0.798035,-0.027283,0.601993
12,31,27,-0.907048,-0.022855,0.420406
12,32,23,-0.589824,0.364538,0.720569
12,32,24,-0.85745,-0.071768,0.509539
12,32,25,-0.830498,-0.159305,0.533756
12,32,26,-0.80162,0.123467,0.584946
12,32,27,-0.95907,0.01085,0.282961
12,33,23,-0.588788,0.024672,0.807911
12,33,24,-0.773966,0.144989,0.616405
12,33,25,-0.927688,-0.044495,0.370696
12,33,26,-0.863178,-0.153991,0.480843
12,33,27,-0.861644,-0.362405,0.355291
12,34,23,-0.578071,0.032034,0.815357
12,34,24,-0.884864,-0.074423,0.459866
12,34,25,-0.843328,-0.149645,0.516144
12,34,26,-0.806174,-0.019317,0.591364
12,34,27,-0.775334,-0.019726,0.631244
12,35,23,-0.412368,0.108093,0.904582
12,35,24,-0.713945,-0.077676,0.69588
12,35,25,-0.76993,-0.080384,0.633045
12,35,26,-0.825975,-0.159903,0.540552
12,35,27,-0.691122,-0.194679,0.696025
12,36,23,-0.696656,0.273778,0.663111
12,36,24,-0.47056,-0.260331,0.84309
12,36,25,-0.745103,0.237276,0.623315
12,36,26,-0.806925,0.047781,0.588718
12,36,27,-0.870509,0.078728,0.485814
12,37,23,-0.613308,0.2331,0.754664
12,37,24,-0.58544,-0.097146,0.804874
12,37,25,-0.516959,0.022968,0.855702
12,37,26,-0.50421,-0.255448,0.824936
12,37,27,-0.712455,-0.043057,0.700395
12,38,23,-0.47341,0.317133,0.821773
12,38,24,-0.380363,0.028229,0.924406
12,38,25,-0.491957,-0.158557,0.85606
12,38,26,-0.45224,-0.172101,0.875134
12,38,27,-0.489172,0.020893,0.871937
12,39,23,-0.42543,0.235651,0.873772
12,39,24,-0.568987,0.081092,0.818338
12,39,25,-0.599221,-0.012044,0.800493
12,39,26,-0.606524,0.097369,0.78908
12,39,27,-0.766258,-0.124474,0.630361
12,40,23,-0.674648,0.092213,0.732357
12,40,24,-0.711698,-0.058365,0.700057
12,40,25,-0.516785,0.025749,0.855728
12,40,26,-0.605465,0.030098,0.795303
12,40,27,-0.435775,-0.015934,0.899915
12,41,23,-0.556015,0.15372,0.816834
12,41,24,-0.628681,0.112425,0.769494
12,41,25,-0.648013,0.113644,0.753103
12,41,26,-0.445786,0.226861,0.865915
12,41,27,-0.306161,0.038464,0.951202
12,42,23,-0.409771,0.088158,0.907918
12,42,24,-0.35061,-0.222759,0.909643
12,42,25,-0.536507,-0.085877,0.839515
12,42,26,-0.618091,0.07427,0.78259
12,42,27,-0.58748,-0.141679,0.79674
12,43,23,-0.637039,0.104263,0.763748
12,43,24,-0.391245,-0.057778,0.918471
12,43,25,-0.479717,-0.192029,0.856152
12,43,26,-0.625627,-0.15832,0.763888
12,43,27,-0.623246,-0.078259,0.7781
12,44,23,-0.540302,0.27194,0.796318
12,44,24,-0.622351,0.086753,0.777916
12,44,25,-0.727577,0.33658,0.597785
12,44,26,-0.660304,-0.140734,0.737694
12,44,27,-0.569746,0.210326,0.794451
12,45,23,-0.210962,0.068196,0.975112
12,45,24,-0.615964,0.254576,0.745506
12,45,25,-0.486029,0.313445,0.815799
12,45,26,-0.690321,0.467233,0.552404
12,45,27,-0.622647,0.395529,0.67518
12,46,23,-0.589004,-0.136461,0.796525
12,46,24,-0.735863,0.229459,0.637067
12,46,25,-0.46606,0.318672,0.82537
12,46,26,-0.450949,0.325691,0.831006
12,46,27,-0.565603,0.481967,0.669179
12,47,23,-0.321012,0.463881,0.825691
12,47,24,-0.429351,0.228883,0.873654
12,47,25,-0.699169,0.292292,0.652479
12,47,26,-0.497271,0.516024,0.697453
12,47,27,-0.532108,0.399651,0.746418
12,48,23,-0.380337,0.315494,0.869372
12,48,24,-0.342849,0.415388,0.84256
12,48,25,-0.500348,0.313178,0.8072
12,48,26,-0.468255,0.347001,0.812605
12,48,27,-0.507774,0.303098,0.80641
12,49,23,-0.557026,0.362664,0.747126
12,49,24,-0.509491,0.165059,0.844497
12,49,25,-0.638494,0.220172,0.737462
12,49,26,-0.669921,0.358947,0.649895
12,49,27,-0.390697,0.113861,0.91345
12,50,23,-0.386717,0.379801,0.840358
12,50,24,-0.667662,0.082157,0.739917
12,50,25,-0.734072,0.105554,0.670818
12,50,26,-0.70112,0.08303,0.708193
12,50,27,-0.665515,0.274068,0.694245
13,0,23,-0.485362,-0.699914,0.523969
13,0,24,-0.503331,-0.787097,0.356561
13,0,25,-0.226796,-0.904951,0.360037
13,0,26,-0.679806,-0.567565,0.464471
13,0,27,-0.677626,-0.479406,0.557667
13,1,23,-0.502877,-0.818604,0.277493
13,1,24,-0.265853,-0.853655,0.447879
13,1,25,-0.616488,-0.664996,0.421572
13,1,26,-0.650726,-0.709578,0.270287
13,1,27,-0.512921,-0.798196,0.315904
13,2,23,-0.504686,-0.816183,0.281313
13,2,24,-0.399725,-0.652717,0.643568
13,2,25,-0.39066,-0.668851,0.632474
13,2,26,-0.316146,-0.829267,0.460834
13,2,27,-0.54484,-0.762811,0.348237
13,3,23,-0.134641,-0.86248,0.487852
13,3,24,-0.190055,-0.788101,0.585471
13,3,25,-0.273198,-0.770546,0.575866
13,3,26,-0.315815,-0.859408,0.402093
13,3,27,-0.402238,-0.771049,0.493648
13,4,23,-0.29308,-0.826683,0.480312
13,4,24,-0.274408,-0.807218,0.52259
13,4,25,-0.300275,-0.909698,0.286853
13,4,26,-0.458954,-0.518017,0.721817
13,4,27,-0.472128,-0.756851,0.451964
13,5,23,-0.05052,-0.76668,0.640038
13,5,24,-0.265045,-0.61019,0.746605
13,5,25,-0.357328,-0.711124,0.605491
13,5,26,-0.435982,-0.497767,0.749765
13,5,27,-0.2002,-0.640304,0.741573
13,6,23,-0.150891,-0.655383,0.740071
13,6,24,-0.149894,-0.820886,0.55107
13,6,25,0.017169,-0.958199,0.285586
13,6,26,-0.378893,-0.685187,0.622059
13,6,27,-0.192578,-0.462918,0.865229
13,7,23,-0.215225,-0.825322,0.522036
13,7,24,-0.229519,-0.868946,0.438469
13,7,25,0.070181,-0.756234,0.650527
13,7,26,-0.139493,-0.766904,0.626418
13,7,27,-0.084312,-0.589763,0.803163
13,8,23,-0.036039,-0.66516,0.745831
13,8,24,-0.183102,-0.665155,0.723908
13,8,25,-0.093187,-0.612497,0.784961
13,8,26,-0.092282,-0.785031,0.612545
13,8,27,-0.160856,-0.716884,0.678382
13,9,23,-0.125325,-0.787214,0.603811
13,9,24,-0.115149,-0.720307,0.684031
13,9,25,-0.214912,-0.848453,0.483674
13,9,26,-0.34146,-0.768226,0.54151
13,9,27,-0.08413,-0.671698,0.736033
13,10,23,-0.060829,-0.781376,0.621089
13,10,24,-0.023213,-0.817553,0.575386
13,10,25,-0.100994,-0.852396,0.513051
13,10,26,-0.324678,-0.820709,0.470129
13,10,27,-0.15311,-0.807473,0.569688
13,11,23,-0.214161,-0.733467,0.645105
13,11,24,-0.329711,-0.765257,0.552877
13,11,25,-0.519481,-0.662033,0.540234
13,11,26,-0.380899,-0.74834,0.543049
13,11,27,-0.265312,-0.783488,0.561921
13,12,23,-0.469959,-0.552525,0.688371
13,12,24,-0.481797,-0.65156,0.585953
13,12,25,-0.516638,-0.625531,0.584634
13,12,26,-0.588406,-0.418563,0.691797
13,12,27,-0.348025,-0.652117,0.673515
13,13,23,-0.332607,-0.488269,0.806825
13,13,24,-0.160227,-0.330468,0.930117
13,13,25,-0.254435,-0.420297,0.870984
13,13,26,-0.305897,-0.505403,0.806842
13,13,27,-0.567218,-0.382153,0.729536
13,14,23,-0.279088,-0.470895,0.83688
13,14,24,-0.393752,-0.508855,0.765523
13,14,25,-0.318141,-0.466578,0.825283
13,14,26,-0.437134,-0.328052,0.837434
13,14,27,-0.229784,-0.509264,0.829367
13,15,23,-0.406014,-0.173185,0.897307
13,15,24,0.11665,-0.570535,0.812947
13,15,25,-0.184523,-0.632084,0.752609
13,15,26,-0.383504,-0.228775,0.894755
13,15,27,-0.099628,-0.411671,0.905871
13,16,23,-0.235708,-0.565631,0.790255
13,16,24,-0.237224,-0.560977,0.793114
13,16,25,-0.640597,-0.482988,0.596957
13,16,26,-0.640827,-0.348615,0.683965
13,16,27,-0.329758,-0.473921,0.816492
13,17,23,-0.570161,-0.658018,0.491862
13,17,24,-0.261656,-0.533649,0.804211
13,17,25,-0.675247,-0.355647,0.646187
13,17,26,-0.751555,-0.233413,0.616995
13,17,27,-0.568307,-0.415991,0.709914
13,18,23,-0.695691,-0.296945,0.654093
13,18,24,-0.572509,-0.366897,0.733225
13,18,25,-0.656963,-0.440615,0.611766
13,18,26,-0.653956,-0.496995,0.570383
13,18,27,-0.401448,-0.195628,0.894745
13,19,23,-0.718797,-0.440076,0.538205
13,19,24,-0.629083,-0.37582,0.680451
13,19,25,-0.487536,-0.258621,0.833921
13,19,26,-0.549094,-0.279459,0.787654
13,19,27,-0.437682,-0.103518,0.893151
13,20,23,-0.689185,-0.205198,0.694923
13,20,24,-0.715784,-0.34251,0.608556
13,20,25,-0.528771,-0.174744,0.830582
13,20,26,-0.596703,0.107552,0.795222
13,20,27,-0.822121,0.123565,0.555742
13,21,23,-0.516579,-0.199668,0.832634
13,21,24,-0.802995,-0.112228,0.585323
13,21,25,-0.711584,-0.354784,0.606446
13,21,26,-0.730505,0.046758,0.681304
13,21,27,-0.584591,-0.319761,0.745658
13,22,23,-0.471146,-0.154949,0.868339
13,22,24,-0.49963,-0.12564,0.857079
13,22,25,-0.731388,-0.107421,0.673448
13,22,26,-0.794431,-0.151063,0.588269
13,22,27,-0.568023,-0.32037,0.758099
13,23,23,-0.635933,0.092898,0.766133
13,23,24,-0.418834,-0.157064,0.894376
13,23,25,-0.560677,-0.044345,0.826846
13,23,26,-0.506728,-0.206319,0.837054
13,23,27,-0.397718,-0.381851,0.834272
13,24,23,-0.514468,0.036881,0.856716
13,24,24,-0.523796,0.035339,0.85111
13,24,25,-0.838598,-0.105589,0.53442
13,24,26,-0.753075,-0.098342,0.650543
13,24,27,-0.717579,-0.023685,0.696074
13,25,23,-0.579329,-0.472533,0.664147
13,25,24,-0.804059,-0.119006,0.582518
13,25,25,-0.753125,-0.111541,0.648352
13,25,26,-0.710093,0.165274,0.684436
13,25,27,-0.800399,-0.074935,0.594766
13,26,23,-0.775416,-0.197814,0.599666
13,26,24,-0.820538,-0.028968,0.570858
13,26,25,-0.718313,0.241066,0.652621
13,26,26,-0.732312,0.183411,0.655805
13,26,27,-0.812587,-0.044942,0.581105
13,27,23,-0.800296,-0.027139,0.598991
13,27,24,-0.936528,0.013558,0.350331
13,27,25,-0.877165,-0.157818,0.453514
13,27,26,-0.74049,0.123171,0.660684
13,27,27,-0.48345,0.284738,0.827768
13,28,23,-0.822557,0.102847,0.559305
13,28,24,-0.927265,0.114768,0.356383
13,28,25,-0.820424,0.13276,0.556129
13,28,26,-0.337843,-0.055951,0.939538
13,28,27,-0.474584,-0.255145,0.84242
13,29,23,-0.844282,-0.080463,0.529824
13,29,24,-0.833092,0.063214,0.54951
13,29,25,-0.873808,0.169796,0.455662
13,29,26,-0.68915,-0.10171,0.717445
13,29,27,-0.698737,-0.144988,0.700532
13,30,23,-0.842551,0.18113,0.507247
13,30,24,-0.632675,-0.179354,0.753362
13,30,25,-0.89891,-0.249514,0.360143
13,30,26,-0.893468,-0.275698,0.35455
13,30,27,-0.879716,0.036469,0.4741
13,31,23,-0.820502,0.136093,0.555208
13,31,24,-0.759289,-0.059271,0.648048
13,31,25,-0.91767,0.078095,0.389593
13,31,26,-0.984108,0.049846,0.170434
13,31,27,-0.894994,-0.267646,0.356864
13,32,23,-0.420784,0.195561,0.885831
13,32,24,-0.717772,0.181548,0.672193
13,32,25,-0.842859,5e-05,0.538135
13,32,26,-0.917741,-0.057391,0.393011
13,32,27,-0.905435,-0.41592,0.084839
13,33,23,-0.732452,-0.121386,0.66991
13,33,24,-0.675793,0.048374,0.735503
13,33,25,-0.754721,-0.274255,0.59597
13,33,26,-0.838505,0.077817,0.539308
13,33,27,-0.842064,-0.19835,0.501582
13,34,23,-0.715782,-0.124121,0.687204
13,34,24,-0.855315,0.115368,0.5051
13,34,25,-0.903192,-0.124826,0.410686
13,34,26,-0.71353,0.067953,0.697321
13,34,27,-0.827295,0.0902,0.554479
13,35,23,-0.459222,0.300889,0.835812
13,35,24,-0.700764,-0.033892,0.712587
13,35,25,-0.799421,-0.070956,0.596566
13,35,26,-0.849349,0.198782,0.48897
13,35,27,-0.828251,-0.016966,0.560101
13,36,23,-0.66678,-0.051728,0.743458
13,36,24,-0.492319,-0.106346,0.863894
13,36,25,-0.657398,0.1999,0.726545
13,36,26,-0.876503,0.197468,0.439032
13,36,27,-0.830208,-0.031125,0.556585
13,37,23,-0.751338,0.270179,0.602075
13,37,24,-0.841051,0.217858,0.495147
13,37,25,-0.730811,-0.082901,0.677527
13,37,26,-0.753841,-0.117405,0.646482
13,37,27,-0.626593,-0.056547,0.777292
13,38,23,-0.752707,-0.116133,0.648032
13,38,24,-0.748545,0.033812,0.662222
13,38,25,-0.605241,0.073467,0.792645
13,38,26,-0.716398,0.169136,0.67688
13,38,27,-0.822189,-0.080084,0.563553
13,39,23,-0.564087,0.062977,0.82331
13,39,24,-0.543456,0.066069,0.836834
13,39,25,-0.642845,0.067359,0.763029
13,39,26,-0.628565,0.251326,0.736031
13,39,27,-0.759344,0.159316,0.630885
13,40,23,-0.471102,0.146161,0.869885
13,40,24,-0.657002,0.053419,0.751994
13,40,25,-0.469467,0.12184,0.874503
13,40,26,-0.396122,0.218504,0.89182
13,40,27,-0.494392,-0.181356,0.85011
13,41,23,-0.521386,0.010254,0.85326
13,41,24,-0.569227,0.067764,0.819383
13,41,25,-0.41621,0.165112,0.894152
13,41,26,-0.30872,0.309881,0.899258
13,41,27,-0.427764,0.172996,0.887181
13,42,23,-0.448851,-0.145594,0.881666
13,42,24,-0.585605,-0.101188,0.804256
13,42,25,-0.753236,0.01749,0.657518
13,42,26,-0.596233,-0.074767,0.799323
13,42,27,-0.67809,-0.194939,0.708656
13,43,23,-0.653918,0.002403,0.756562
13,43,24,-0.668304,0.023958,0.743502
13,43,25,-0.758764,-0.058937,0.648694
13,43,26,-0.633574,-0.08001,0.769534
13,43,27,-0.822607,0.10928,0.558011
13,44,23,-0.431503,0.258988,0.864136
13,44,24,-0.550847,0.055856,0.832735
13,44,25,-0.725738,0.210439,0.654996
13,44,26,-0.746949,-0.02964,0.66422
13,44,27,-0.818944,0.199566,0.538056
13,45,23,-0.488224,0.116375,0.864924
13,45,24,-0.751668,0.273855,0.599998
13,45,25,-0.661481,0.386142,0.642912
13,45,26,-0.866485,0.353672,0.352306
13,45,27,-0.561523,-0.016886,0.827289
13,46,23,-0.254854,0.262075,0.930788
13,46,24,-0.498556,0.359614,0.788745
13,46,25,-0.558534,0.286764,0.778335
13,46,26,-0.628384,0.3849,0.676007
13,46,27,-0.350115,0.480799,0.803898
13,47,23,-0.387182,0.400648,0.830404
13,47,24,-0.3877,0.469098,0.793496
13,47,25,-0.588898,0.43828,0.679051
13,47,26,-0.252995,0.5368,0.804885
13,47,27,-0.207098,0.47979,0.852591
13,48,23,-0.169441,0.258642,0.950996
13,48,24,-0.406378,0.195918,0.892453
13,48,25,-0.635881,0.256919,0.727769
13,48,26,-0.428866,0.40936,0.805294
13,48,27,-0.450117,0.451983,0.770134
13,49,23,-0.564825,0.256005,0.784496
13,49,24,-0.71369,0.304856,0.630642
13,49,25,-0.679778,0.224124,0.698334
13,49,26,-0.583006,0.322889,0.745551
13,49,27,-0.484508,0.294516,0.823719
13,50,23,-0.472589,0.30719,0.826011
13,50,24,-0.415448,0.341979,0.842884
13,50,25,-0.539179,0.33005,0.774824
13,50,26,-0.593772,0.168225,0.786851
13,50,27,-0.642403,0.368517,0.671947
